0.7019605 0.012261574 443.65527
0.7039267 0.024507493 443.34702
0.70589846 0.03673778 443.0396
0.7078759 0.04895246 442.73285
0.70985895 0.061151557 442.42676
0.7118476 0.073335096 442.12146
0.71384186 0.085503094 441.81686
0.7158417 0.09765558 441.51294
0.7178471 0.10979258 441.20978
0.7198531 0.112134844 441.14484
0.72185844 0.11213587 441.1368
0.7238631 0.1121369 441.12875
0.72586715 0.11213793 441.12067
0.7278705 0.11213895 441.1127
0.72987324 0.11213998 441.10468
0.7318753 0.112141006 441.09668
0.73387676 0.11214203 441.08853
0.7358776 0.112143055 441.08063
0.7378777 0.11214408 441.0726
0.7398772 0.1121451 441.0646
